strategy,lam,l2_norm,remove_ratio,deletion_batch_size,sampler_seed,remove_class,sampling_type,sgd_seed,optim,step_size,lr_schedule,batch_size,num_steps,noise,noise_seed,running_time,unlearning_time,retraining_time,other_time,test_accuracy,cum_remove_accuracy,batch_remove_accuracy,pipeline_acc_err,pipeline_acc_dis_est,pipeline_abs_err,checkpoint_remove_accuracy,num_deletions,retrained,batch_deleted_class_balance,cum_deleted_class_balance,threshold,prop_const,checkpoint_batch
golatkar_test_thresh,0.0001,True,0.075,100,0,3,uniform_random,0,SGD,1.0,False,100,200,1.0,3,24.2803635597229,24.276071071624756,0,0.004292488098144531,0.8865,0.88,0.88,0.022565722667265937,None,0.00039999999999995595,0.88,100,False,0.07999999821186066,9.0,1,None,0
golatkar_test_thresh,0.0001,True,0.075,100,0,3,uniform_random,0,SGD,1.0,False,100,200,1.0,3,24.93262791633606,24.925457239151,0,0.007170677185058594,0.8868,0.865,0.85,0.03948333239325591,None,0.0007000000000000339,0.865,200,False,0.09000000357627869,9.0,1,None,0
golatkar_test_thresh,0.0001,True,0.075,100,0,3,uniform_random,0,SGD,1.0,False,100,200,1.0,3,25.201244115829468,25.196797132492065,0,0.004446983337402344,0.8868,0.8666666666666667,0.87,0.03948333239325591,None,0.0007000000000000339,0.8666666666666667,300,False,0.029999999329447746,9.0,1,None,0
golatkar_test_thresh,0.0001,True,0.075,100,0,3,uniform_random,0,SGD,1.0,False,100,200,1.0,3,25.747735738754272,25.74270248413086,0,0.005033254623413086,0.8868,0.8725,0.89,0.03948333239325591,None,0.0007000000000000339,0.8725,400,False,0.07000000029802322,9.0,1,None,0
golatkar_test_thresh,0.0001,True,0.075,100,0,3,uniform_random,0,SGD,1.0,False,100,200,1.0,3,25.287912130355835,25.283652782440186,0,0.004259347915649414,0.887,0.874,0.9,0.0507585584569405,None,0.0009000000000000119,0.874,500,False,0.10000000149011612,9.0,1,None,0
golatkar_test_thresh,0.0001,True,0.075,100,0,3,uniform_random,0,SGD,1.0,False,100,200,1.0,3,27.117161989212036,27.111855268478394,0,0.005306720733642578,0.8868,0.875,0.88,0.03948333239325591,None,0.0007000000000000339,0.875,600,False,0.10000000149011612,9.0,1,None,0
golatkar_test_thresh,0.0001,True,0.075,100,0,3,uniform_random,0,SGD,1.0,False,100,200,1.0,3,24.58015465736389,24.575987339019775,0,0.004167318344116211,0.8868,0.8742857142857143,0.86,0.03948333239325591,None,0.0007000000000000339,0.8742857142857143,700,False,0.07000000029802322,9.0,1,None,0
golatkar_test_thresh,0.0001,True,0.075,100,0,3,uniform_random,0,SGD,1.0,False,100,200,1.0,3,24.587071657180786,24.581737995147705,0,0.005333662033081055,0.8867,0.87,0.85,0.03384476534296282,None,0.0006000000000000449,0.87,800,False,0.12999999523162842,9.0,1,None,0
golatkar_test_thresh,0.0001,True,0.075,100,0,3,uniform_random,0,SGD,1.0,False,100,200,1.0,3,25.27426314353943,25.27034282684326,0,0.003920316696166992,0.8867,0.87,0.87,0.03384476534296282,None,0.0006000000000000449,0.87,900,False,0.07999999821186066,9.0,1,None,0
golatkar_test_thresh,0.0001,True,0.075,100,0,3,uniform_random,0,SGD,1.0,False,100,200,1.0,3,25.55635976791382,25.55154514312744,0,0.004814624786376953,0.8868,0.869,0.86,0.03948333239325591,None,0.0007000000000000339,0.869,1000,False,0.10000000149011612,9.0,1,None,0
golatkar_test_thresh,0.0001,True,0.075,100,0,3,uniform_random,0,SGD,1.0,False,100,200,1.0,3,24.01921558380127,24.0149245262146,0,0.004291057586669922,0.8867,0.8709090909090909,0.89,0.03384476534296282,None,0.0006000000000000449,0.8709090909090909,1100,False,0.07999999821186066,9.0,1,None,0
golatkar_test_thresh,0.0001,True,0.075,100,0,3,uniform_random,0,SGD,1.0,False,100,200,1.0,3,24.139602661132812,24.13552474975586,0,0.004077911376953125,0.8867,0.875,0.92,0.03384476534296282,None,0.0006000000000000449,0.875,1200,False,0.09000000357627869,9.0,1,None,0
golatkar_test_thresh,0.0001,True,0.075,100,0,3,uniform_random,0,SGD,1.0,False,100,200,1.0,3,24.257361888885498,24.25249981880188,0,0.004862070083618164,0.8866,0.8792307692307693,0.92,0.028205562136856547,None,0.000500000000000056,0.8792307692307693,1300,False,0.05999999865889549,9.0,1,None,0
golatkar_test_thresh,0.0001,True,0.075,100,0,3,uniform_random,0,SGD,1.0,False,100,200,1.0,3,24.895805835723877,24.89200520515442,0,0.003800630569458008,0.8863,0.8814285714285715,0.91,0.01128413450688208,None,0.00019999999999997797,0.8814285714285715,1400,False,0.12999999523162842,9.0,1,None,0
golatkar_test_thresh,0.0001,True,0.075,100,0,3,uniform_random,0,SGD,1.0,False,100,200,1.0,3,24.12006974220276,24.115050792694092,0,0.005018949508666992,0.8865,0.8786666666666667,0.85,0.022565722667265937,None,0.00039999999999995595,0.8786666666666667,1500,False,0.05999999865889549,9.0,1,None,0
golatkar_test_thresh,0.0001,True,0.075,100,0,3,uniform_random,0,SGD,1.0,False,100,200,1.0,3,25.934393882751465,25.930480241775513,0,0.0039136409759521484,0.8866,0.879375,0.89,0.028205562136856547,None,0.000500000000000056,0.879375,1600,False,0.10000000149011612,9.0,1,None,0
golatkar_test_thresh,0.0001,True,0.075,100,0,3,uniform_random,0,SGD,1.0,False,100,200,1.0,3,24.830106258392334,24.82636022567749,0,0.00374603271484375,0.8865,0.8823529411764706,0.93,0.022565722667265937,None,0.00039999999999995595,0.8823529411764706,1700,False,0.10999999940395355,9.0,1,None,0
golatkar_test_thresh,0.0001,True,0.075,100,0,3,uniform_random,0,SGD,1.0,False,100,200,1.0,3,24.15087080001831,24.145745038986206,0,0.005125761032104492,0.8862,0.8805555555555555,0.86,0.005642385600631326,None,9.999999999998899e-05,0.8805555555555555,1800,False,0.029999999329447746,9.0,1,None,0
golatkar_test_thresh,0.0001,True,0.075,100,0,3,uniform_random,0,SGD,1.0,False,100,200,1.0,3,24.1277437210083,24.123425245285034,0,0.0043184757232666016,0.8863,0.8821052631578947,0.9,0.01128413450688208,None,0.00019999999999997797,0.8821052631578947,1900,False,0.09000000357627869,9.0,1,None,0
golatkar_test_thresh,0.0001,True,0.075,100,0,3,uniform_random,0,SGD,1.0,False,100,200,1.0,3,24.48355984687805,24.473565816879272,0,0.009994029998779297,0.8864,0.8825,0.89,0.016925246826514355,None,0.00029999999999996696,0.8825,2000,False,0.12999999523162842,9.0,1,None,0
golatkar_test_thresh,0.0001,True,0.075,100,0,3,uniform_random,0,SGD,1.0,False,100,200,1.0,3,24.160964727401733,24.156712293624878,0,0.004252433776855469,0.8861,0.8847619047619047,0.93,0.0,None,0.0,0.8847619047619047,2100,False,0.07999999821186066,9.0,1,None,0
golatkar_test_thresh,0.0001,True,0.075,100,0,3,uniform_random,0,SGD,1.0,False,100,200,1.0,3,24.7888822555542,24.784581422805786,0,0.004300832748413086,0.8863,0.8827272727272727,0.86,0.01128413450688208,None,0.00019999999999997797,0.8827272727272727,2200,False,0.09000000357627869,9.0,1,None,0
golatkar_test_thresh,0.0001,True,0.075,100,0,3,uniform_random,0,SGD,1.0,False,100,200,1.0,3,24.489521503448486,24.48438334465027,0,0.0051381587982177734,0.8865,0.8830434782608696,0.89,0.022565722667265937,None,0.00039999999999995595,0.8830434782608696,2300,False,0.09000000357627869,9.0,1,None,0
golatkar_test_thresh,0.0001,True,0.075,100,0,3,uniform_random,0,SGD,1.0,False,100,200,1.0,3,24.742685317993164,24.738876819610596,0,0.0038084983825683594,0.8864,0.8816666666666667,0.84,0.016925246826514355,None,0.00029999999999996696,0.8816666666666667,2400,False,0.12999999523162842,9.0,1,None,0
golatkar_test_thresh,0.0001,True,0.075,100,0,3,uniform_random,0,SGD,1.0,False,100,200,1.0,3,25.096240043640137,25.091628789901733,0,0.00461125373840332,0.8863,0.8804,0.85,0.01128413450688208,None,0.00019999999999997797,0.8804,2500,False,0.15000000596046448,9.0,1,None,0
golatkar_test_thresh,0.0001,True,0.075,100,0,3,uniform_random,0,SGD,1.0,False,100,200,1.0,3,23.894110202789307,23.8899142742157,0,0.0041959285736083984,0.8863,0.8815384615384615,0.92,0.01128413450688208,None,0.00019999999999997797,0.8815384615384615,2600,False,0.07999999821186066,9.0,1,None,0
golatkar_test_thresh,0.0001,True,0.075,100,0,3,uniform_random,0,SGD,1.0,False,100,200,1.0,3,25.038881540298462,25.0341899394989,0,0.004691600799560547,0.8864,0.8818518518518519,0.89,0.016925246826514355,None,0.00029999999999996696,0.8818518518518519,2700,False,0.07999999821186066,9.0,1,None,0
golatkar_test_thresh,0.0001,True,0.075,100,0,3,uniform_random,0,SGD,1.0,False,100,200,1.0,3,24.74372434616089,24.738950729370117,0,0.004773616790771484,0.8863,0.8817857142857143,0.88,0.01128413450688208,None,0.00019999999999997797,0.8817857142857143,2800,False,0.07999999821186066,9.0,1,None,0
golatkar_test_thresh,0.0001,True,0.075,100,0,3,uniform_random,0,SGD,1.0,False,100,200,1.0,3,23.433501958847046,23.428776025772095,0,0.004725933074951172,0.8863,0.883448275862069,0.93,0.01128413450688208,None,0.00019999999999997797,0.883448275862069,2900,False,0.10000000149011612,9.0,1,None,0
golatkar_test_thresh,0.0001,True,0.075,100,0,3,uniform_random,0,SGD,1.0,False,100,200,1.0,3,25.711535453796387,25.706794500350952,0,0.00474095344543457,0.8861,0.883,0.88,0.0,None,0.0,0.883,3000,False,0.07999999821186066,9.0,1,None,0
golatkar_test_thresh,0.0001,True,0.075,100,0,3,uniform_random,0,SGD,1.0,False,100,200,1.0,3,24.01254153251648,24.007369995117188,0,0.005171537399291992,0.8862,0.8832258064516129,0.87,0.005642385600631326,None,9.999999999998899e-05,0.8832258064516129,3100,False,0.09000000357627869,9.0,1,None,0
golatkar_test_thresh,0.0001,True,0.075,100,0,3,uniform_random,0,SGD,1.0,False,100,200,1.0,3,25.672141313552856,25.667859077453613,0,0.004282236099243164,0.8861,0.88125,0.85,0.0,None,0.0,0.88125,3200,False,0.11999999731779099,9.0,1,None,0
golatkar_test_thresh,0.0001,True,0.075,100,0,3,uniform_random,0,SGD,1.0,False,100,200,1.0,3,25.089734315872192,25.0855233669281,0,0.004210948944091797,0.8862,0.8818181818181818,0.9,0.005642385600631326,None,9.999999999998899e-05,0.8818181818181818,3300,False,0.07000000029802322,9.0,1,None,0
golatkar_test_thresh,0.0001,True,0.075,100,0,3,uniform_random,0,SGD,1.0,False,100,200,1.0,3,24.16145920753479,24.15717649459839,0,0.004282712936401367,0.886,0.8808823529411764,0.83,0.005643022402798317,None,9.999999999998899e-05,0.8808823529411764,3400,False,0.05999999865889549,9.0,1,None,0
golatkar_test_thresh,0.0001,True,0.075,100,0,3,uniform_random,0,SGD,1.0,False,100,200,1.0,3,24.510582208633423,24.50554585456848,0,0.005036354064941406,0.886,0.8814285714285715,0.9,0.005643022402798317,None,9.999999999998899e-05,0.8814285714285715,3500,False,0.10999999940395355,9.0,1,None,0
golatkar_test_thresh,0.0001,True,0.075,100,0,3,uniform_random,0,SGD,1.0,False,100,200,1.0,3,24.768306016921997,24.764143466949463,0,0.00416254997253418,0.8859,0.8805555555555555,0.86,0.011286681715574377,None,0.00019999999999997797,0.8805555555555555,3600,False,0.10000000149011612,9.0,1,None,0
golatkar_test_thresh,0.0001,True,0.075,100,0,3,uniform_random,0,SGD,1.0,False,100,200,1.0,3,24.22786855697632,24.22369146347046,0,0.004177093505859375,0.8861,0.8816216216216216,0.91,0.0,None,0.0,0.8816216216216216,3700,False,0.10999999940395355,9.0,1,None,0
golatkar_test_thresh,0.0001,True,0.075,100,0,3,uniform_random,0,SGD,1.0,False,100,200,1.0,3,24.434163808822632,24.42940378189087,0,0.004760026931762695,0.8861,0.8813157894736842,0.86,0.0,None,0.0,0.8813157894736842,3800,False,0.07999999821186066,9.0,1,None,0
golatkar_test_thresh,0.0001,True,0.075,100,0,3,uniform_random,0,SGD,1.0,False,100,200,1.0,3,27.436733722686768,27.4324631690979,0,0.0042705535888671875,0.8862,0.8817948717948718,0.89,0.005642385600631326,None,9.999999999998899e-05,0.8817948717948718,3900,False,0.1599999964237213,9.0,1,None,0
golatkar_test_thresh,0.0001,True,0.075,100,0,3,uniform_random,0,SGD,1.0,False,100,200,1.0,3,23.625099182128906,23.620405435562134,0,0.004693746566772461,0.8861,0.882,0.9,0.0,None,0.0,0.882,4000,False,0.10999999940395355,9.0,1,None,0
golatkar_test_thresh,0.0001,True,0.075,100,0,3,uniform_random,0,SGD,1.0,False,100,200,1.0,3,24.47617197036743,24.47193741798401,0,0.0042345523834228516,0.8862,0.881219512195122,0.85,0.005642385600631326,None,9.999999999998899e-05,0.881219512195122,4100,False,0.09000000357627869,9.0,1,None,0
golatkar_test_thresh,0.0001,True,0.075,100,0,3,uniform_random,0,SGD,1.0,False,100,200,1.0,3,25.106690406799316,25.102477550506592,0,0.004212856292724609,0.8863,0.8811904761904762,0.88,0.01128413450688208,None,0.00019999999999997797,0.8811904761904762,4200,False,0.10000000149011612,9.0,1,None,0
golatkar_test_thresh,0.0001,True,0.075,100,0,3,uniform_random,0,SGD,1.0,False,100,200,1.0,3,24.599283933639526,24.594606399536133,0,0.004677534103393555,0.8861,0.8813953488372093,0.88,0.0,None,0.0,0.8813953488372093,4300,False,0.10999999940395355,9.0,1,None,0
golatkar_test_thresh,0.0001,True,0.075,100,0,3,uniform_random,0,SGD,1.0,False,100,200,1.0,3,24.92881989479065,24.924694299697876,0,0.0041255950927734375,0.8865,0.8825,0.92,0.022565722667265937,None,0.00039999999999995595,0.8825,4400,False,0.07999999821186066,9.0,1,None,0
golatkar_test_thresh,0.0001,True,0.075,100,0,3,uniform_random,0,SGD,1.0,False,100,200,1.0,3,25.01856565475464,25.013912677764893,0,0.004652976989746094,0.8861,0.8826666666666667,0.88,0.0,None,0.0,0.8826666666666667,4500,False,0.07000000029802322,9.0,1,None,0
golatkar_test_thresh,0.0001,True,0.075,100,0,3,uniform_random,0,SGD,1.0,False,100,200,1.0,3,25.397947072982788,25.393349647521973,0,0.00459742546081543,0.8865,0.88,0.88,0.022565722667265937,None,0.00039999999999995595,0.88,100,False,0.07999999821186066,9.0,0.5,None,0
golatkar_test_thresh,0.0001,True,0.075,100,0,3,uniform_random,0,SGD,1.0,False,100,200,1.0,3,24.86579442024231,24.861146926879883,0,0.004647493362426758,0.8868,0.865,0.85,0.03948333239325591,None,0.0007000000000000339,0.865,200,False,0.09000000357627869,9.0,0.5,None,0
golatkar_test_thresh,0.0001,True,0.075,100,0,3,uniform_random,0,SGD,1.0,False,100,200,1.0,3,27.479041576385498,27.473257780075073,0,0.005783796310424805,0.8868,0.8666666666666667,0.87,0.03948333239325591,None,0.0007000000000000339,0.8666666666666667,300,False,0.029999999329447746,9.0,0.5,None,0
golatkar_test_thresh,0.0001,True,0.075,100,0,3,uniform_random,0,SGD,1.0,False,100,200,1.0,3,26.599061489105225,26.594581604003906,0,0.004479885101318359,0.8868,0.8725,0.89,0.03948333239325591,None,0.0007000000000000339,0.8725,400,False,0.07000000029802322,9.0,0.5,None,0
golatkar_test_thresh,0.0001,True,0.075,100,0,3,uniform_random,0,SGD,1.0,False,100,200,1.0,3,25.273439407348633,25.26885437965393,0,0.0045850276947021484,0.887,0.874,0.9,0.0507585584569405,None,0.0009000000000000119,0.874,500,False,0.10000000149011612,9.0,0.5,None,0
golatkar_test_thresh,0.0001,True,0.075,100,0,3,uniform_random,0,SGD,1.0,False,100,200,1.0,3,24.98308300971985,24.978535652160645,0,0.0045473575592041016,0.8868,0.875,0.88,0.03948333239325591,None,0.0007000000000000339,0.875,600,False,0.10000000149011612,9.0,0.5,None,0
golatkar_test_thresh,0.0001,True,0.075,100,0,3,uniform_random,0,SGD,1.0,False,100,200,1.0,3,24.65049147605896,24.64660143852234,0,0.0038900375366210938,0.8868,0.8742857142857143,0.86,0.03948333239325591,None,0.0007000000000000339,0.8742857142857143,700,False,0.07000000029802322,9.0,0.5,None,0
golatkar_test_thresh,0.0001,True,0.075,100,0,3,uniform_random,0,SGD,1.0,False,100,200,1.0,3,24.60392999649048,24.599310636520386,0,0.0046193599700927734,0.8867,0.87,0.85,0.03384476534296282,None,0.0006000000000000449,0.87,800,False,0.12999999523162842,9.0,0.5,None,0
golatkar_test_thresh,0.0001,True,0.075,100,0,3,uniform_random,0,SGD,1.0,False,100,200,1.0,3,25.383809566497803,25.3800311088562,0,0.0037784576416015625,0.8867,0.87,0.87,0.03384476534296282,None,0.0006000000000000449,0.87,900,False,0.07999999821186066,9.0,0.5,None,0
golatkar_test_thresh,0.0001,True,0.075,100,0,3,uniform_random,0,SGD,1.0,False,100,200,1.0,3,25.642448902130127,25.638006925582886,0,0.004441976547241211,0.8868,0.869,0.86,0.03948333239325591,None,0.0007000000000000339,0.869,1000,False,0.10000000149011612,9.0,0.5,None,0
golatkar_test_thresh,0.0001,True,0.075,100,0,3,uniform_random,0,SGD,1.0,False,100,200,1.0,3,24.167588472366333,24.16344952583313,0,0.004138946533203125,0.8867,0.8709090909090909,0.89,0.03384476534296282,None,0.0006000000000000449,0.8709090909090909,1100,False,0.07999999821186066,9.0,0.5,None,0
golatkar_test_thresh,0.0001,True,0.075,100,0,3,uniform_random,0,SGD,1.0,False,100,200,1.0,3,24.431772470474243,24.427178382873535,0,0.004594087600708008,0.8867,0.875,0.92,0.03384476534296282,None,0.0006000000000000449,0.875,1200,False,0.09000000357627869,9.0,0.5,None,0
golatkar_test_thresh,0.0001,True,0.075,100,0,3,uniform_random,0,SGD,1.0,False,100,200,1.0,3,24.331978797912598,24.32784366607666,0,0.0041351318359375,0.8866,0.8792307692307693,0.92,0.028205562136856547,None,0.000500000000000056,0.8792307692307693,1300,False,0.05999999865889549,9.0,0.5,None,0
golatkar_test_thresh,0.0001,True,0.075,100,0,3,uniform_random,0,SGD,1.0,False,100,200,1.0,3,24.9354567527771,24.930888652801514,0,0.0045680999755859375,0.8863,0.8814285714285715,0.91,0.01128413450688208,None,0.00019999999999997797,0.8814285714285715,1400,False,0.12999999523162842,9.0,0.5,None,0
golatkar_test_thresh,0.0001,True,0.075,100,0,3,uniform_random,0,SGD,1.0,False,100,200,1.0,3,26.996909379959106,26.992671251296997,0,0.004238128662109375,0.8865,0.8786666666666667,0.85,0.022565722667265937,None,0.00039999999999995595,0.8786666666666667,1500,False,0.05999999865889549,9.0,0.5,None,0
golatkar_test_thresh,0.0001,True,0.075,100,0,3,uniform_random,0,SGD,1.0,False,100,200,1.0,3,25.033501625061035,25.028950452804565,0,0.0045511722564697266,0.8866,0.879375,0.89,0.028205562136856547,None,0.000500000000000056,0.879375,1600,False,0.10000000149011612,9.0,0.5,None,0
golatkar_test_thresh,0.0001,True,0.075,100,0,3,uniform_random,0,SGD,1.0,False,100,200,1.0,3,24.862486362457275,24.858375310897827,0,0.004111051559448242,0.8865,0.8823529411764706,0.93,0.022565722667265937,None,0.00039999999999995595,0.8823529411764706,1700,False,0.10999999940395355,9.0,0.5,None,0
golatkar_test_thresh,0.0001,True,0.075,100,0,3,uniform_random,0,SGD,1.0,False,100,200,1.0,3,24.2658531665802,24.261221170425415,0,0.004631996154785156,0.8862,0.8805555555555555,0.86,0.005642385600631326,None,9.999999999998899e-05,0.8805555555555555,1800,False,0.029999999329447746,9.0,0.5,None,0
golatkar_test_thresh,0.0001,True,0.075,100,0,3,uniform_random,0,SGD,1.0,False,100,200,1.0,3,24.195107460021973,24.190980911254883,0,0.004126548767089844,0.8863,0.8821052631578947,0.9,0.01128413450688208,None,0.00019999999999997797,0.8821052631578947,1900,False,0.09000000357627869,9.0,0.5,None,0
golatkar_test_thresh,0.0001,True,0.075,100,0,3,uniform_random,0,SGD,1.0,False,100,200,1.0,3,24.639516830444336,24.63490581512451,0,0.004611015319824219,0.8864,0.8825,0.89,0.016925246826514355,None,0.00029999999999996696,0.8825,2000,False,0.12999999523162842,9.0,0.5,None,0
golatkar_test_thresh,0.0001,True,0.075,100,0,3,uniform_random,0,SGD,1.0,False,100,200,1.0,3,24.26026964187622,24.25634503364563,0,0.00392460823059082,0.8861,0.8847619047619047,0.93,0.0,None,0.0,0.8847619047619047,2100,False,0.07999999821186066,9.0,0.5,None,0
golatkar_test_thresh,0.0001,True,0.075,100,0,3,uniform_random,0,SGD,1.0,False,100,200,1.0,3,24.88530659675598,24.880744457244873,0,0.0045621395111083984,0.8863,0.8827272727272727,0.86,0.01128413450688208,None,0.00019999999999997797,0.8827272727272727,2200,False,0.09000000357627869,9.0,0.5,None,0
golatkar_test_thresh,0.0001,True,0.075,100,0,3,uniform_random,0,SGD,1.0,False,100,200,1.0,3,24.601431369781494,24.597266912460327,0,0.004164457321166992,0.8865,0.8830434782608696,0.89,0.022565722667265937,None,0.00039999999999995595,0.8830434782608696,2300,False,0.09000000357627869,9.0,0.5,None,0
golatkar_test_thresh,0.0001,True,0.075,100,0,3,uniform_random,0,SGD,1.0,False,100,200,1.0,3,26.076632261276245,26.072204113006592,0,0.00442814826965332,0.8864,0.8816666666666667,0.84,0.016925246826514355,None,0.00029999999999996696,0.8816666666666667,2400,False,0.12999999523162842,9.0,0.5,None,0
golatkar_test_thresh,0.0001,True,0.075,100,0,3,uniform_random,0,SGD,1.0,False,100,200,1.0,3,25.11267924308777,25.10761523246765,0,0.0050640106201171875,0.8863,0.8804,0.85,0.01128413450688208,None,0.00019999999999997797,0.8804,2500,False,0.15000000596046448,9.0,0.5,None,0
golatkar_test_thresh,0.0001,True,0.075,100,0,3,uniform_random,0,SGD,1.0,False,100,200,1.0,3,24.0234694480896,24.019348621368408,0,0.004120826721191406,0.8863,0.8815384615384615,0.92,0.01128413450688208,None,0.00019999999999997797,0.8815384615384615,2600,False,0.07999999821186066,9.0,0.5,None,0
golatkar_test_thresh,0.0001,True,0.075,100,0,3,uniform_random,0,SGD,1.0,False,100,200,1.0,3,24.156309127807617,24.152262210845947,0,0.004046916961669922,0.8864,0.8818518518518519,0.89,0.016925246826514355,None,0.00029999999999996696,0.8818518518518519,2700,False,0.07999999821186066,9.0,0.5,None,0
golatkar_test_thresh,0.0001,True,0.075,100,0,3,uniform_random,0,SGD,1.0,False,100,200,1.0,3,24.767661809921265,24.763126850128174,0,0.00453495979309082,0.8863,0.8817857142857143,0.88,0.01128413450688208,None,0.00019999999999997797,0.8817857142857143,2800,False,0.07999999821186066,9.0,0.5,None,0
golatkar_test_thresh,0.0001,True,0.075,100,0,3,uniform_random,0,SGD,1.0,False,100,200,1.0,3,23.68107533454895,23.676998138427734,0,0.00407719612121582,0.8863,0.883448275862069,0.93,0.01128413450688208,None,0.00019999999999997797,0.883448275862069,2900,False,0.10000000149011612,9.0,0.5,None,0
golatkar_test_thresh,0.0001,True,0.075,100,0,3,uniform_random,0,SGD,1.0,False,100,200,1.0,3,24.436159372329712,24.430991172790527,0,0.00516819953918457,0.8861,0.883,0.88,0.0,None,0.0,0.883,3000,False,0.07999999821186066,9.0,0.5,None,0
golatkar_test_thresh,0.0001,True,0.075,100,0,3,uniform_random,0,SGD,1.0,False,100,200,1.0,3,24.09254550933838,24.08869504928589,0,0.0038504600524902344,0.8862,0.8832258064516129,0.87,0.005642385600631326,None,9.999999999998899e-05,0.8832258064516129,3100,False,0.09000000357627869,9.0,0.5,None,0
golatkar_test_thresh,0.0001,True,0.075,100,0,3,uniform_random,0,SGD,1.0,False,100,200,1.0,3,24.28060817718506,24.276153087615967,0,0.004455089569091797,0.8861,0.88125,0.85,0.0,None,0.0,0.88125,3200,False,0.11999999731779099,9.0,0.5,None,0
golatkar_test_thresh,0.0001,True,0.075,100,0,3,uniform_random,0,SGD,1.0,False,100,200,1.0,3,24.402782678604126,24.398651123046875,0,0.0041315555572509766,0.8862,0.8818181818181818,0.9,0.005642385600631326,None,9.999999999998899e-05,0.8818181818181818,3300,False,0.07000000029802322,9.0,0.5,None,0
golatkar_test_thresh,0.0001,True,0.075,100,0,3,uniform_random,0,SGD,1.0,False,100,200,1.0,3,24.260598182678223,24.25562810897827,0,0.004970073699951172,0.886,0.8808823529411764,0.83,0.005643022402798317,None,9.999999999998899e-05,0.8808823529411764,3400,False,0.05999999865889549,9.0,0.5,None,0
golatkar_test_thresh,0.0001,True,0.075,100,0,3,uniform_random,0,SGD,1.0,False,100,200,1.0,3,24.634648084640503,24.63051462173462,0,0.004133462905883789,0.886,0.8814285714285715,0.9,0.005643022402798317,None,9.999999999998899e-05,0.8814285714285715,3500,False,0.10999999940395355,9.0,0.5,None,0
golatkar_test_thresh,0.0001,True,0.075,100,0,3,uniform_random,0,SGD,1.0,False,100,200,1.0,3,24.815130949020386,24.810640811920166,0,0.0044901371002197266,0.8859,0.8805555555555555,0.86,0.011286681715574377,None,0.00019999999999997797,0.8805555555555555,3600,False,0.10000000149011612,9.0,0.5,None,0
golatkar_test_thresh,0.0001,True,0.075,100,0,3,uniform_random,0,SGD,1.0,False,100,200,1.0,3,27.41295862197876,27.4080011844635,0,0.004957437515258789,0.8861,0.8816216216216216,0.91,0.0,None,0.0,0.8816216216216216,3700,False,0.10999999940395355,9.0,0.5,None,0
golatkar_test_thresh,0.0001,True,0.075,100,0,3,uniform_random,0,SGD,1.0,False,100,200,1.0,3,29.40539836883545,29.39872694015503,0,0.006671428680419922,0.8861,0.8813157894736842,0.86,0.0,None,0.0,0.8813157894736842,3800,False,0.07999999821186066,9.0,0.5,None,0
golatkar_test_thresh,0.0001,True,0.075,100,0,3,uniform_random,0,SGD,1.0,False,100,200,1.0,3,29.729703903198242,29.72488760948181,0,0.004816293716430664,0.8862,0.8817948717948718,0.89,0.005642385600631326,None,9.999999999998899e-05,0.8817948717948718,3900,False,0.1599999964237213,9.0,0.5,None,0
golatkar_test_thresh,0.0001,True,0.075,100,0,3,uniform_random,0,SGD,1.0,False,100,200,1.0,3,27.85412335395813,27.84955859184265,0,0.004564762115478516,0.8861,0.882,0.9,0.0,None,0.0,0.882,4000,False,0.10999999940395355,9.0,0.5,None,0
golatkar_test_thresh,0.0001,True,0.075,100,0,3,uniform_random,0,SGD,1.0,False,100,200,1.0,3,25.342317581176758,25.337671279907227,0,0.00464630126953125,0.8862,0.881219512195122,0.85,0.005642385600631326,None,9.999999999998899e-05,0.881219512195122,4100,False,0.09000000357627869,9.0,0.5,None,0
golatkar_test_thresh,0.0001,True,0.075,100,0,3,uniform_random,0,SGD,1.0,False,100,200,1.0,3,25.8198401927948,25.81477117538452,0,0.00506901741027832,0.8863,0.8811904761904762,0.88,0.01128413450688208,None,0.00019999999999997797,0.8811904761904762,4200,False,0.10000000149011612,9.0,0.5,None,0
golatkar_test_thresh,0.0001,True,0.075,100,0,3,uniform_random,0,SGD,1.0,False,100,200,1.0,3,24.58914351463318,24.584986686706543,0,0.004156827926635742,0.8861,0.8813953488372093,0.88,0.0,None,0.0,0.8813953488372093,4300,False,0.10999999940395355,9.0,0.5,None,0
golatkar_test_thresh,0.0001,True,0.075,100,0,3,uniform_random,0,SGD,1.0,False,100,200,1.0,3,24.92747163772583,24.92276930809021,0,0.004702329635620117,0.8865,0.8825,0.92,0.022565722667265937,None,0.00039999999999995595,0.8825,4400,False,0.07999999821186066,9.0,0.5,None,0
golatkar_test_thresh,0.0001,True,0.075,100,0,3,uniform_random,0,SGD,1.0,False,100,200,1.0,3,24.993619680404663,24.989466190338135,0,0.00415349006652832,0.8861,0.8826666666666667,0.88,0.0,None,0.0,0.8826666666666667,4500,False,0.07000000029802322,9.0,0.5,None,0
golatkar_test_thresh,0.0001,True,0.075,100,0,3,uniform_random,0,SGD,1.0,False,100,200,1.0,3,24.261656522750854,24.257210969924927,0,0.004445552825927734,0.8865,0.88,0.88,0.022565722667265937,None,0.00039999999999995595,0.88,100,False,0.07999999821186066,9.0,0.1,None,0
golatkar_test_thresh,0.0001,True,0.075,100,0,3,uniform_random,0,SGD,1.0,False,100,200,1.0,3,24.890374898910522,24.886072158813477,0,0.0043027400970458984,0.8868,0.865,0.85,0.03948333239325591,None,0.0007000000000000339,0.865,200,False,0.09000000357627869,9.0,0.1,None,0
golatkar_test_thresh,0.0001,True,0.075,100,0,3,uniform_random,0,SGD,1.0,False,100,200,1.0,3,25.13109540939331,25.126991987228394,0,0.004103422164916992,0.8868,0.8666666666666667,0.87,0.03948333239325591,None,0.0007000000000000339,0.8666666666666667,300,False,0.029999999329447746,9.0,0.1,None,0
golatkar_test_thresh,0.0001,True,0.075,100,0,3,uniform_random,0,SGD,1.0,False,100,200,1.0,3,24.848718643188477,24.844098329544067,0,0.00462031364440918,0.8868,0.8725,0.89,0.03948333239325591,None,0.0007000000000000339,0.8725,400,False,0.07000000029802322,9.0,0.1,None,0
golatkar_test_thresh,0.0001,True,0.075,100,0,3,uniform_random,0,SGD,1.0,False,100,200,1.0,3,25.263733386993408,25.259536743164062,0,0.004196643829345703,0.887,0.874,0.9,0.0507585584569405,None,0.0009000000000000119,0.874,500,False,0.10000000149011612,9.0,0.1,None,0
golatkar_test_thresh,0.0001,True,0.075,100,0,3,uniform_random,0,SGD,1.0,False,100,200,1.0,3,25.04169988632202,25.0370135307312,0,0.0046863555908203125,0.8868,0.875,0.88,0.03948333239325591,None,0.0007000000000000339,0.875,600,False,0.10000000149011612,9.0,0.1,None,0
golatkar_test_thresh,0.0001,True,0.075,100,0,3,uniform_random,0,SGD,1.0,False,100,200,1.0,3,24.871690273284912,24.867509603500366,0,0.0041806697845458984,0.8868,0.8742857142857143,0.86,0.03948333239325591,None,0.0007000000000000339,0.8742857142857143,700,False,0.07000000029802322,9.0,0.1,None,0
golatkar_test_thresh,0.0001,True,0.075,100,0,3,uniform_random,0,SGD,1.0,False,100,200,1.0,3,24.557849168777466,24.553282022476196,0,0.004567146301269531,0.8867,0.87,0.85,0.03384476534296282,None,0.0006000000000000449,0.87,800,False,0.12999999523162842,9.0,0.1,None,0
golatkar_test_thresh,0.0001,True,0.075,100,0,3,uniform_random,0,SGD,1.0,False,100,200,1.0,3,25.347429037094116,25.343360424041748,0,0.004068613052368164,0.8867,0.87,0.87,0.03384476534296282,None,0.0006000000000000449,0.87,900,False,0.07999999821186066,9.0,0.1,None,0
golatkar_test_thresh,0.0001,True,0.075,100,0,3,uniform_random,0,SGD,1.0,False,100,200,1.0,3,25.730494499206543,25.726472854614258,0,0.004021644592285156,0.8868,0.869,0.86,0.03948333239325591,None,0.0007000000000000339,0.869,1000,False,0.10000000149011612,9.0,0.1,None,0
golatkar_test_thresh,0.0001,True,0.075,100,0,3,uniform_random,0,SGD,1.0,False,100,200,1.0,3,24.14934015274048,24.144680976867676,0,0.004659175872802734,0.8867,0.8709090909090909,0.89,0.03384476534296282,None,0.0006000000000000449,0.8709090909090909,1100,False,0.07999999821186066,9.0,0.1,None,0
golatkar_test_thresh,0.0001,True,0.075,100,0,3,uniform_random,0,SGD,1.0,False,100,200,1.0,3,24.183452129364014,24.178897380828857,0,0.00455474853515625,0.8867,0.875,0.92,0.03384476534296282,None,0.0006000000000000449,0.875,1200,False,0.09000000357627869,9.0,0.1,None,0
golatkar_test_thresh,0.0001,True,0.075,100,0,3,uniform_random,0,SGD,1.0,False,100,200,1.0,3,24.25773525238037,24.253057718276978,0,0.004677534103393555,0.8866,0.8792307692307693,0.92,0.028205562136856547,None,0.000500000000000056,0.8792307692307693,1300,False,0.05999999865889549,9.0,0.1,None,0
golatkar_test_thresh,0.0001,True,0.075,100,0,3,uniform_random,0,SGD,1.0,False,100,200,1.0,3,24.811610460281372,24.807491779327393,0,0.004118680953979492,0.8863,0.8814285714285715,0.91,0.01128413450688208,None,0.00019999999999997797,0.8814285714285715,1400,False,0.12999999523162842,9.0,0.1,None,0
golatkar_test_thresh,0.0001,True,0.075,100,0,3,uniform_random,0,SGD,1.0,False,100,200,1.0,3,24.0773606300354,24.072673320770264,0,0.004687309265136719,0.8865,0.8786666666666667,0.85,0.022565722667265937,None,0.00039999999999995595,0.8786666666666667,1500,False,0.05999999865889549,9.0,0.1,None,0
golatkar_test_thresh,0.0001,True,0.075,100,0,3,uniform_random,0,SGD,1.0,False,100,200,1.0,3,25.04768419265747,25.043482065200806,0,0.004202127456665039,0.8866,0.879375,0.89,0.028205562136856547,None,0.000500000000000056,0.879375,1600,False,0.10000000149011612,9.0,0.1,None,0
golatkar_test_thresh,0.0001,True,0.075,100,0,3,uniform_random,0,SGD,1.0,False,100,200,1.0,3,24.86713695526123,24.86298108100891,0,0.004155874252319336,0.8865,0.8823529411764706,0.93,0.022565722667265937,None,0.00039999999999995595,0.8823529411764706,1700,False,0.10999999940395355,9.0,0.1,None,0
golatkar_test_thresh,0.0001,True,0.075,100,0,3,uniform_random,0,SGD,1.0,False,100,200,1.0,3,24.27474856376648,24.270803689956665,0,0.003944873809814453,0.8862,0.8805555555555555,0.86,0.005642385600631326,None,9.999999999998899e-05,0.8805555555555555,1800,False,0.029999999329447746,9.0,0.1,None,0
golatkar_test_thresh,0.0001,True,0.075,100,0,3,uniform_random,0,SGD,1.0,False,100,200,1.0,3,24.561686515808105,24.557456731796265,0,0.00422978401184082,0.8863,0.8821052631578947,0.9,0.01128413450688208,None,0.00019999999999997797,0.8821052631578947,1900,False,0.09000000357627869,9.0,0.1,None,0
golatkar_test_thresh,0.0001,True,0.075,100,0,3,uniform_random,0,SGD,1.0,False,100,200,1.0,3,24.407421112060547,24.40275263786316,0,0.004668474197387695,0.8864,0.8825,0.89,0.016925246826514355,None,0.00029999999999996696,0.8825,2000,False,0.12999999523162842,9.0,0.1,None,0
golatkar_test_thresh,0.0001,True,0.075,100,0,3,uniform_random,0,SGD,1.0,False,100,200,1.0,3,24.134664297103882,24.130602598190308,0,0.004061698913574219,0.8861,0.8847619047619047,0.93,0.0,None,0.0,0.8847619047619047,2100,False,0.07999999821186066,9.0,0.1,None,0
golatkar_test_thresh,0.0001,True,0.075,100,0,3,uniform_random,0,SGD,1.0,False,100,200,1.0,3,24.872084379196167,24.86793613433838,0,0.004148244857788086,0.8863,0.8827272727272727,0.86,0.01128413450688208,None,0.00019999999999997797,0.8827272727272727,2200,False,0.09000000357627869,9.0,0.1,None,0
golatkar_test_thresh,0.0001,True,0.075,100,0,3,uniform_random,0,SGD,1.0,False,100,200,1.0,3,24.546892881393433,24.5427348613739,0,0.00415802001953125,0.8865,0.8830434782608696,0.89,0.022565722667265937,None,0.00039999999999995595,0.8830434782608696,2300,False,0.09000000357627869,9.0,0.1,None,0
golatkar_test_thresh,0.0001,True,0.075,100,0,3,uniform_random,0,SGD,1.0,False,100,200,1.0,3,24.841232299804688,24.836520433425903,0,0.00471186637878418,0.8864,0.8816666666666667,0.84,0.016925246826514355,None,0.00029999999999996696,0.8816666666666667,2400,False,0.12999999523162842,9.0,0.1,None,0
golatkar_test_thresh,0.0001,True,0.075,100,0,3,uniform_random,0,SGD,1.0,False,100,200,1.0,3,25.2550790309906,25.250841856002808,0,0.004237174987792969,0.8863,0.8804,0.85,0.01128413450688208,None,0.00019999999999997797,0.8804,2500,False,0.15000000596046448,9.0,0.1,None,0
golatkar_test_thresh,0.0001,True,0.075,100,0,3,uniform_random,0,SGD,1.0,False,100,200,1.0,3,23.920841217041016,23.916179418563843,0,0.0046617984771728516,0.8863,0.8815384615384615,0.92,0.01128413450688208,None,0.00019999999999997797,0.8815384615384615,2600,False,0.07999999821186066,9.0,0.1,None,0
golatkar_test_thresh,0.0001,True,0.075,100,0,3,uniform_random,0,SGD,1.0,False,100,200,1.0,3,24.137982606887817,24.133826732635498,0,0.004155874252319336,0.8864,0.8818518518518519,0.89,0.016925246826514355,None,0.00029999999999996696,0.8818518518518519,2700,False,0.07999999821186066,9.0,0.1,None,0
golatkar_test_thresh,0.0001,True,0.075,100,0,3,uniform_random,0,SGD,1.0,False,100,200,1.0,3,24.83905816078186,24.834300994873047,0,0.0047571659088134766,0.8863,0.8817857142857143,0.88,0.01128413450688208,None,0.00019999999999997797,0.8817857142857143,2800,False,0.07999999821186066,9.0,0.1,None,0
golatkar_test_thresh,0.0001,True,0.075,100,0,3,uniform_random,0,SGD,1.0,False,100,200,1.0,3,23.40287184715271,23.398743867874146,0,0.004127979278564453,0.8863,0.883448275862069,0.93,0.01128413450688208,None,0.00019999999999997797,0.883448275862069,2900,False,0.10000000149011612,9.0,0.1,None,0
golatkar_test_thresh,0.0001,True,0.075,100,0,3,uniform_random,0,SGD,1.0,False,100,200,1.0,3,24.49056315422058,24.48646116256714,0,0.004101991653442383,0.8861,0.883,0.88,0.0,None,0.0,0.883,3000,False,0.07999999821186066,9.0,0.1,None,0
golatkar_test_thresh,0.0001,True,0.075,100,0,3,uniform_random,0,SGD,1.0,False,100,200,1.0,3,23.98692488670349,23.982314586639404,0,0.004610300064086914,0.8862,0.8832258064516129,0.87,0.005642385600631326,None,9.999999999998899e-05,0.8832258064516129,3100,False,0.09000000357627869,9.0,0.1,None,0
golatkar_test_thresh,0.0001,True,0.075,100,0,3,uniform_random,0,SGD,1.0,False,100,200,1.0,3,24.284509420394897,24.28036904335022,0,0.004140377044677734,0.8861,0.88125,0.85,0.0,None,0.0,0.88125,3200,False,0.11999999731779099,9.0,0.1,None,0
golatkar_test_thresh,0.0001,True,0.075,100,0,3,uniform_random,0,SGD,1.0,False,100,200,1.0,3,24.149056911468506,24.14446210861206,0,0.0045948028564453125,0.8862,0.8818181818181818,0.9,0.005642385600631326,None,9.999999999998899e-05,0.8818181818181818,3300,False,0.07000000029802322,9.0,0.1,None,0
golatkar_test_thresh,0.0001,True,0.075,100,0,3,uniform_random,0,SGD,1.0,False,100,200,1.0,3,24.229100465774536,24.22485613822937,0,0.004244327545166016,0.886,0.8808823529411764,0.83,0.005643022402798317,None,9.999999999998899e-05,0.8808823529411764,3400,False,0.05999999865889549,9.0,0.1,None,0
golatkar_test_thresh,0.0001,True,0.075,100,0,3,uniform_random,0,SGD,1.0,False,100,200,1.0,3,24.577433109283447,24.572872638702393,0,0.0045604705810546875,0.886,0.8814285714285715,0.9,0.005643022402798317,None,9.999999999998899e-05,0.8814285714285715,3500,False,0.10999999940395355,9.0,0.1,None,0
golatkar_test_thresh,0.0001,True,0.075,100,0,3,uniform_random,0,SGD,1.0,False,100,200,1.0,3,24.78914499282837,24.785324335098267,0,0.003820657730102539,0.8859,0.8805555555555555,0.86,0.011286681715574377,None,0.00019999999999997797,0.8805555555555555,3600,False,0.10000000149011612,9.0,0.1,None,0
golatkar_test_thresh,0.0001,True,0.075,100,0,3,uniform_random,0,SGD,1.0,False,100,200,1.0,3,24.23746347427368,24.233381271362305,0,0.004082202911376953,0.8861,0.8816216216216216,0.91,0.0,None,0.0,0.8816216216216216,3700,False,0.10999999940395355,9.0,0.1,None,0
golatkar_test_thresh,0.0001,True,0.075,100,0,3,uniform_random,0,SGD,1.0,False,100,200,1.0,3,24.497215032577515,24.492502212524414,0,0.004712820053100586,0.8861,0.8813157894736842,0.86,0.0,None,0.0,0.8813157894736842,3800,False,0.07999999821186066,9.0,0.1,None,0
golatkar_test_thresh,0.0001,True,0.075,100,0,3,uniform_random,0,SGD,1.0,False,100,200,1.0,3,24.883581161499023,24.879409790039062,0,0.0041713714599609375,0.8862,0.8817948717948718,0.89,0.005642385600631326,None,9.999999999998899e-05,0.8817948717948718,3900,False,0.1599999964237213,9.0,0.1,None,0
golatkar_test_thresh,0.0001,True,0.075,100,0,3,uniform_random,0,SGD,1.0,False,100,200,1.0,3,23.697497129440308,23.692948818206787,0,0.004548311233520508,0.8861,0.882,0.9,0.0,None,0.0,0.882,4000,False,0.10999999940395355,9.0,0.1,None,0
golatkar_test_thresh,0.0001,True,0.075,100,0,3,uniform_random,0,SGD,1.0,False,100,200,1.0,3,24.47084093093872,24.46671986579895,0,0.004121065139770508,0.8862,0.881219512195122,0.85,0.005642385600631326,None,9.999999999998899e-05,0.881219512195122,4100,False,0.09000000357627869,9.0,0.1,None,0
golatkar_test_thresh,0.0001,True,0.075,100,0,3,uniform_random,0,SGD,1.0,False,100,200,1.0,3,25.303783655166626,25.299620151519775,0,0.004163503646850586,0.8863,0.8811904761904762,0.88,0.01128413450688208,None,0.00019999999999997797,0.8811904761904762,4200,False,0.10000000149011612,9.0,0.1,None,0
golatkar_test_thresh,0.0001,True,0.075,100,0,3,uniform_random,0,SGD,1.0,False,100,200,1.0,3,24.574567794799805,24.569954872131348,0,0.004612922668457031,0.8861,0.8813953488372093,0.88,0.0,None,0.0,0.8813953488372093,4300,False,0.10999999940395355,9.0,0.1,None,0
golatkar_test_thresh,0.0001,True,0.075,100,0,3,uniform_random,0,SGD,1.0,False,100,200,1.0,3,28.57714343070984,28.572163581848145,0,0.004979848861694336,0.8865,0.8825,0.92,0.022565722667265937,None,0.00039999999999995595,0.8825,4400,False,0.07999999821186066,9.0,0.1,None,0
golatkar_test_thresh,0.0001,True,0.075,100,0,3,uniform_random,0,SGD,1.0,False,100,200,1.0,3,28.971293449401855,28.930784940719604,0,0.04050850868225098,0.8861,0.8826666666666667,0.88,0.0,None,0.0,0.8826666666666667,4500,False,0.07000000029802322,9.0,0.1,None,0
golatkar_test_thresh,0.0001,True,0.075,100,0,3,uniform_random,0,SGD,1.0,False,100,200,1.0,3,20.922526359558105,20.918987274169922,0,0.0035390853881835938,0.8865,0.88,0.88,0.022565722667265937,None,0.00039999999999995595,0.88,100,False,0.07999999821186066,9.0,0.25,None,0
golatkar_test_thresh,0.0001,True,0.075,100,0,3,uniform_random,0,SGD,1.0,False,100,200,1.0,3,21.4068865776062,21.4032301902771,0,0.0036563873291015625,0.8868,0.865,0.85,0.03948333239325591,None,0.0007000000000000339,0.865,200,False,0.09000000357627869,9.0,0.25,None,0
golatkar_test_thresh,0.0001,True,0.075,100,0,3,uniform_random,0,SGD,1.0,False,100,200,1.0,3,21.42285990715027,21.41936707496643,0,0.0034928321838378906,0.8868,0.8666666666666667,0.87,0.03948333239325591,None,0.0007000000000000339,0.8666666666666667,300,False,0.029999999329447746,9.0,0.25,None,0
golatkar_test_thresh,0.0001,True,0.075,100,0,3,uniform_random,0,SGD,1.0,False,100,200,1.0,3,21.357054948806763,21.35355567932129,0,0.003499269485473633,0.8868,0.8725,0.89,0.03948333239325591,None,0.0007000000000000339,0.8725,400,False,0.07000000029802322,9.0,0.25,None,0
golatkar_test_thresh,0.0001,True,0.075,100,0,3,uniform_random,0,SGD,1.0,False,100,200,1.0,3,21.723490715026855,21.71998429298401,0,0.0035064220428466797,0.887,0.874,0.9,0.0507585584569405,None,0.0009000000000000119,0.874,500,False,0.10000000149011612,9.0,0.25,None,0
golatkar_test_thresh,0.0001,True,0.075,100,0,3,uniform_random,0,SGD,1.0,False,100,200,1.0,3,21.651248931884766,21.647430419921875,0,0.003818511962890625,0.8868,0.875,0.88,0.03948333239325591,None,0.0007000000000000339,0.875,600,False,0.10000000149011612,9.0,0.25,None,0
golatkar_test_thresh,0.0001,True,0.075,100,0,3,uniform_random,0,SGD,1.0,False,100,200,1.0,3,21.54658341407776,21.54315686225891,0,0.0034265518188476562,0.8868,0.8742857142857143,0.86,0.03948333239325591,None,0.0007000000000000339,0.8742857142857143,700,False,0.07000000029802322,9.0,0.25,None,0
golatkar_test_thresh,0.0001,True,0.075,100,0,3,uniform_random,0,SGD,1.0,False,100,200,1.0,3,21.391197443008423,21.387643098831177,0,0.0035543441772460938,0.8867,0.87,0.85,0.03384476534296282,None,0.0006000000000000449,0.87,800,False,0.12999999523162842,9.0,0.25,None,0
golatkar_test_thresh,0.0001,True,0.075,100,0,3,uniform_random,0,SGD,1.0,False,100,200,1.0,3,21.69434881210327,21.690611362457275,0,0.0037374496459960938,0.8867,0.87,0.87,0.03384476534296282,None,0.0006000000000000449,0.87,900,False,0.07999999821186066,9.0,0.25,None,0
golatkar_test_thresh,0.0001,True,0.075,100,0,3,uniform_random,0,SGD,1.0,False,100,200,1.0,3,21.76203179359436,21.75855779647827,0,0.003473997116088867,0.8868,0.869,0.86,0.03948333239325591,None,0.0007000000000000339,0.869,1000,False,0.10000000149011612,9.0,0.25,None,0
golatkar_test_thresh,0.0001,True,0.075,100,0,3,uniform_random,0,SGD,1.0,False,100,200,1.0,3,20.840288162231445,20.836400032043457,0,0.0038881301879882812,0.8867,0.8709090909090909,0.89,0.03384476534296282,None,0.0006000000000000449,0.8709090909090909,1100,False,0.07999999821186066,9.0,0.25,None,0
golatkar_test_thresh,0.0001,True,0.075,100,0,3,uniform_random,0,SGD,1.0,False,100,200,1.0,3,20.87050771713257,20.866997003555298,0,0.003510713577270508,0.8867,0.875,0.92,0.03384476534296282,None,0.0006000000000000449,0.875,1200,False,0.09000000357627869,9.0,0.25,None,0
golatkar_test_thresh,0.0001,True,0.075,100,0,3,uniform_random,0,SGD,1.0,False,100,200,1.0,3,20.984315395355225,20.980867862701416,0,0.0034475326538085938,0.8866,0.8792307692307693,0.92,0.028205562136856547,None,0.000500000000000056,0.8792307692307693,1300,False,0.05999999865889549,9.0,0.25,None,0
golatkar_test_thresh,0.0001,True,0.075,100,0,3,uniform_random,0,SGD,1.0,False,100,200,1.0,3,21.42067551612854,21.416974306106567,0,0.0037012100219726562,0.8863,0.8814285714285715,0.91,0.01128413450688208,None,0.00019999999999997797,0.8814285714285715,1400,False,0.12999999523162842,9.0,0.25,None,0
golatkar_test_thresh,0.0001,True,0.075,100,0,3,uniform_random,0,SGD,1.0,False,100,200,1.0,3,21.23242473602295,21.228760957717896,0,0.003663778305053711,0.8865,0.8786666666666667,0.85,0.022565722667265937,None,0.00039999999999995595,0.8786666666666667,1500,False,0.05999999865889549,9.0,0.25,None,0
golatkar_test_thresh,0.0001,True,0.075,100,0,3,uniform_random,0,SGD,1.0,False,100,200,1.0,3,21.56228017807007,21.558594226837158,0,0.0036859512329101562,0.8866,0.879375,0.89,0.028205562136856547,None,0.000500000000000056,0.879375,1600,False,0.10000000149011612,9.0,0.25,None,0
golatkar_test_thresh,0.0001,True,0.075,100,0,3,uniform_random,0,SGD,1.0,False,100,200,1.0,3,21.326192378997803,21.322300910949707,0,0.003891468048095703,0.8865,0.8823529411764706,0.93,0.022565722667265937,None,0.00039999999999995595,0.8823529411764706,1700,False,0.10999999940395355,9.0,0.25,None,0
golatkar_test_thresh,0.0001,True,0.075,100,0,3,uniform_random,0,SGD,1.0,False,100,200,1.0,3,20.991214752197266,20.987610340118408,0,0.003604412078857422,0.8862,0.8805555555555555,0.86,0.005642385600631326,None,9.999999999998899e-05,0.8805555555555555,1800,False,0.029999999329447746,9.0,0.25,None,0
golatkar_test_thresh,0.0001,True,0.075,100,0,3,uniform_random,0,SGD,1.0,False,100,200,1.0,3,21.0027859210968,20.999305486679077,0,0.0034804344177246094,0.8863,0.8821052631578947,0.9,0.01128413450688208,None,0.00019999999999997797,0.8821052631578947,1900,False,0.09000000357627869,9.0,0.25,None,0
golatkar_test_thresh,0.0001,True,0.075,100,0,3,uniform_random,0,SGD,1.0,False,100,200,1.0,3,21.15322184562683,21.149431228637695,0,0.003790616989135742,0.8864,0.8825,0.89,0.016925246826514355,None,0.00029999999999996696,0.8825,2000,False,0.12999999523162842,9.0,0.25,None,0
golatkar_test_thresh,0.0001,True,0.075,100,0,3,uniform_random,0,SGD,1.0,False,100,200,1.0,3,20.945961475372314,20.942282915115356,0,0.003678560256958008,0.8861,0.8847619047619047,0.93,0.0,None,0.0,0.8847619047619047,2100,False,0.07999999821186066,9.0,0.25,None,0
golatkar_test_thresh,0.0001,True,0.075,100,0,3,uniform_random,0,SGD,1.0,False,100,200,1.0,3,21.29086208343506,21.287439346313477,0,0.0034227371215820312,0.8863,0.8827272727272727,0.86,0.01128413450688208,None,0.00019999999999997797,0.8827272727272727,2200,False,0.09000000357627869,9.0,0.25,None,0
golatkar_test_thresh,0.0001,True,0.075,100,0,3,uniform_random,0,SGD,1.0,False,100,200,1.0,3,21.945713996887207,21.941904544830322,0,0.0038094520568847656,0.8865,0.8830434782608696,0.89,0.022565722667265937,None,0.00039999999999995595,0.8830434782608696,2300,False,0.09000000357627869,9.0,0.25,None,0
golatkar_test_thresh,0.0001,True,0.075,100,0,3,uniform_random,0,SGD,1.0,False,100,200,1.0,3,21.602141618728638,21.598658323287964,0,0.003483295440673828,0.8864,0.8816666666666667,0.84,0.016925246826514355,None,0.00029999999999996696,0.8816666666666667,2400,False,0.12999999523162842,9.0,0.25,None,0
golatkar_test_thresh,0.0001,True,0.075,100,0,3,uniform_random,0,SGD,1.0,False,100,200,1.0,3,21.572934865951538,21.569501876831055,0,0.0034329891204833984,0.8863,0.8804,0.85,0.01128413450688208,None,0.00019999999999997797,0.8804,2500,False,0.15000000596046448,9.0,0.25,None,0
golatkar_test_thresh,0.0001,True,0.075,100,0,3,uniform_random,0,SGD,1.0,False,100,200,1.0,3,20.807645559310913,20.8038010597229,0,0.0038444995880126953,0.8863,0.8815384615384615,0.92,0.01128413450688208,None,0.00019999999999997797,0.8815384615384615,2600,False,0.07999999821186066,9.0,0.25,None,0
golatkar_test_thresh,0.0001,True,0.075,100,0,3,uniform_random,0,SGD,1.0,False,100,200,1.0,3,21.17621612548828,21.17274284362793,0,0.0034732818603515625,0.8864,0.8818518518518519,0.89,0.016925246826514355,None,0.00029999999999996696,0.8818518518518519,2700,False,0.07999999821186066,9.0,0.25,None,0
golatkar_test_thresh,0.0001,True,0.075,100,0,3,uniform_random,0,SGD,1.0,False,100,200,1.0,3,21.594324588775635,21.59036612510681,0,0.003958463668823242,0.8863,0.8817857142857143,0.88,0.01128413450688208,None,0.00019999999999997797,0.8817857142857143,2800,False,0.07999999821186066,9.0,0.25,None,0
golatkar_test_thresh,0.0001,True,0.075,100,0,3,uniform_random,0,SGD,1.0,False,100,200,1.0,3,20.522151708602905,20.51870560646057,0,0.0034461021423339844,0.8863,0.883448275862069,0.93,0.01128413450688208,None,0.00019999999999997797,0.883448275862069,2900,False,0.10000000149011612,9.0,0.25,None,0
golatkar_test_thresh,0.0001,True,0.075,100,0,3,uniform_random,0,SGD,1.0,False,100,200,1.0,3,21.118425130844116,21.11501407623291,0,0.0034110546112060547,0.8861,0.883,0.88,0.0,None,0.0,0.883,3000,False,0.07999999821186066,9.0,0.25,None,0
golatkar_test_thresh,0.0001,True,0.075,100,0,3,uniform_random,0,SGD,1.0,False,100,200,1.0,3,20.86882758140564,20.86503767967224,0,0.0037899017333984375,0.8862,0.8832258064516129,0.87,0.005642385600631326,None,9.999999999998899e-05,0.8832258064516129,3100,False,0.09000000357627869,9.0,0.25,None,0
golatkar_test_thresh,0.0001,True,0.075,100,0,3,uniform_random,0,SGD,1.0,False,100,200,1.0,3,21.064013242721558,21.060382843017578,0,0.003630399703979492,0.8861,0.88125,0.85,0.0,None,0.0,0.88125,3200,False,0.11999999731779099,9.0,0.25,None,0
golatkar_test_thresh,0.0001,True,0.075,100,0,3,uniform_random,0,SGD,1.0,False,100,200,1.0,3,21.580575227737427,21.577009201049805,0,0.0035660266876220703,0.8862,0.8818181818181818,0.9,0.005642385600631326,None,9.999999999998899e-05,0.8818181818181818,3300,False,0.07000000029802322,9.0,0.25,None,0
golatkar_test_thresh,0.0001,True,0.075,100,0,3,uniform_random,0,SGD,1.0,False,100,200,1.0,3,21.418391942977905,21.41458225250244,0,0.003809690475463867,0.886,0.8808823529411764,0.83,0.005643022402798317,None,9.999999999998899e-05,0.8808823529411764,3400,False,0.05999999865889549,9.0,0.25,None,0
golatkar_test_thresh,0.0001,True,0.075,100,0,3,uniform_random,0,SGD,1.0,False,100,200,1.0,3,21.336662530899048,21.333160161972046,0,0.003502368927001953,0.886,0.8814285714285715,0.9,0.005643022402798317,None,9.999999999998899e-05,0.8814285714285715,3500,False,0.10999999940395355,9.0,0.25,None,0
golatkar_test_thresh,0.0001,True,0.075,100,0,3,uniform_random,0,SGD,1.0,False,100,200,1.0,3,21.38001775741577,21.376567602157593,0,0.003450155258178711,0.8859,0.8805555555555555,0.86,0.011286681715574377,None,0.00019999999999997797,0.8805555555555555,3600,False,0.10000000149011612,9.0,0.25,None,0
golatkar_test_thresh,0.0001,True,0.075,100,0,3,uniform_random,0,SGD,1.0,False,100,200,1.0,3,21.02764320373535,21.023735523223877,0,0.003907680511474609,0.8861,0.8816216216216216,0.91,0.0,None,0.0,0.8816216216216216,3700,False,0.10999999940395355,9.0,0.25,None,0
golatkar_test_thresh,0.0001,True,0.075,100,0,3,uniform_random,0,SGD,1.0,False,100,200,1.0,3,21.21331262588501,21.20970869064331,0,0.0036039352416992188,0.8861,0.8813157894736842,0.86,0.0,None,0.0,0.8813157894736842,3800,False,0.07999999821186066,9.0,0.25,None,0
golatkar_test_thresh,0.0001,True,0.075,100,0,3,uniform_random,0,SGD,1.0,False,100,200,1.0,3,21.478047609329224,21.47457003593445,0,0.0034775733947753906,0.8862,0.8817948717948718,0.89,0.005642385600631326,None,9.999999999998899e-05,0.8817948717948718,3900,False,0.1599999964237213,9.0,0.25,None,0
golatkar_test_thresh,0.0001,True,0.075,100,0,3,uniform_random,0,SGD,1.0,False,100,200,1.0,3,20.670981645584106,20.666985988616943,0,0.003995656967163086,0.8861,0.882,0.9,0.0,None,0.0,0.882,4000,False,0.10999999940395355,9.0,0.25,None,0
golatkar_test_thresh,0.0001,True,0.075,100,0,3,uniform_random,0,SGD,1.0,False,100,200,1.0,3,21.23396635055542,21.23047971725464,0,0.00348663330078125,0.8862,0.881219512195122,0.85,0.005642385600631326,None,9.999999999998899e-05,0.881219512195122,4100,False,0.09000000357627869,9.0,0.25,None,0
golatkar_test_thresh,0.0001,True,0.075,100,0,3,uniform_random,0,SGD,1.0,False,100,200,1.0,3,21.841665029525757,21.838098526000977,0,0.0035665035247802734,0.8863,0.8811904761904762,0.88,0.01128413450688208,None,0.00019999999999997797,0.8811904761904762,4200,False,0.10000000149011612,9.0,0.25,None,0
golatkar_test_thresh,0.0001,True,0.075,100,0,3,uniform_random,0,SGD,1.0,False,100,200,1.0,3,21.105252504348755,21.101494789123535,0,0.0037577152252197266,0.8861,0.8813953488372093,0.88,0.0,None,0.0,0.8813953488372093,4300,False,0.10999999940395355,9.0,0.25,None,0
golatkar_test_thresh,0.0001,True,0.075,100,0,3,uniform_random,0,SGD,1.0,False,100,200,1.0,3,21.364316701889038,21.36090588569641,0,0.003410816192626953,0.8865,0.8825,0.92,0.022565722667265937,None,0.00039999999999995595,0.8825,4400,False,0.07999999821186066,9.0,0.25,None,0
golatkar_test_thresh,0.0001,True,0.075,100,0,3,uniform_random,0,SGD,1.0,False,100,200,1.0,3,22.063767671585083,22.059752702713013,0,0.0040149688720703125,0.8861,0.8826666666666667,0.88,0.0,None,0.0,0.8826666666666667,4500,False,0.07000000029802322,9.0,0.25,None,0
